hello world
F keeping 15777 / 22551
22551 matches before, 15777 new matches after Fundamental Matrix
=========================== Baseline triangulation ===========================
Find camera matrices...
before fundamentalMat 15777
F keeping 15168 / 15777
15777 matches before, 15168 new matches after Fundamental Matrix
after fundamentalMat 15168
----------------------- SVD ------------------------
U:
[0.930989609433477, -0.3015631109414813, 0.2057134833845309;
  0.268746031154998, 0.9475775980919308, 0.1728359520839466;
  -0.2470504358736058, -0.1056237933120343, 0.9632287871637963]
W:
[138.1058744306706; 134.4603514180092; 2.394224409949404e-013]
Vt:
[-0.3535853667787421, 0.9246552999706867, -0.141385871415999;
  -0.9190014237841945, -0.3152144149357696, 0.2368042560836356;
  0.1743954457047714, 0.2136643368763715, 0.9612147417016735]
----------------------------------------------------
P
[1, 0, 0, 0;
  0, 1, 0, 0;
  0, 0, 1, 0]
Testing P1 
[0.9980845744091649, 0.05857305125504946, 0.01990929413990528, 0.2057134833845309;
  -0.05792978440737186, 0.9978241502764427, -0.03148182338446223, 0.1728359520839466;
  -0.02170996096245523, 0.03026818117707777, 0.9993060165951373, 0.9632287871637963]
test branch 1
Triangulating...Done. (15168points, 1.273s, mean reproj err = 2.59948)
Triangulating...Done. (15168points, 1.26894s, mean reproj err = 2.34175)
14216/15168 = 93.7236% are in front of camera
14210/15168 = 93.6841% are in front of camera
Done. (2.80812s)
begin triangulation
p query index 1
[1, 0, 0, 0;
  0, 1, 0, 0;
  0, 0, 1, 0]
p train index 0
[0.9980845744091649, 0.05857305125504946, 0.01990929413990528, 0.2057134833845309;
  -0.05792978440737186, 0.9978241502764427, -0.03148182338446223, 0.1728359520839466;
  -0.02170996096245523, 0.03026818117707777, 0.9993060165951373, 0.9632287871637963]
getalign
triangulate points
Triangulating...Done. (15168points, 1.26708s, mean reproj err = 2.59948)
triangulation reproj error 2.59948
test triangulate
14210/15168 = 93.6841% are in front of camera
14216/15168 = 93.7236% are in front of camera
filtered out 990 high-error points
2618/14178 points were found in other views, adding 11560 new
 after 11560
after init map size: 11560
F keeping 14276 / 22138
22138 matches before, 14276 new matches after Fundamental Matrix
-----------------------------------------------------------------
find 2d 3d correspondences
query frame keypoints: 22138
train frame keypoints: 22551
match size: 14276-----------------------------------------------------------------
found 12236 3d-2d point correspondences
-------------------------------------------------------------------------
find pose estimation
3d point: 12236
2d point: 12236
inliers size: 4494
8  17  116  160  234  248  280  282  289  314  315  317  325  326  327  339  340  344  345  346  353  354  355  359  360  361  365  369  376  377  378  386  387  388  389  390  391  392  393  394  397  398  399  405  406  407  411  412  418  421  422  425  430  431  432  433  434  440  441  442  443  449  450  451  452  453  454  457  458  459  460  461  462  470  471  472  473  478  480  482  483  484  487  490  491  493  494  495  497  498  499  500  501  502  505  506  507  508  511  512  516  517  518  519  524  525  526  533  534  541  542  543  545  548  549  550  551  552  553  554  557  558  559  560  561  562  564  565  566  567  568  573  574  575  576  577  580  581  582  583  585  589  590  591  592  593  594  595  596  597  603  604  605  606  607  608  609  610  611  618  619  620  621  622  623  624  625  626  627  632  633  634  635  636  637  638  642  643  644  645  646  647  649  652  653  654  655  656  657  658  659  660  661  662  669  670  671  672  673  674  675  676  677  678  685  688  689  690  691  692  693  694  702  704  705  706  707  708  709  712  713  714  715  716  717  718  720  721  722  724  732  734  735  736  737  738  739  740  741  742  743  744  749  750  751  752  753  754  755  756  757  762  763  764  765  766  767  768  772  773  774  775  776  777  783  784  785  786  787  788  789  790  791  792  793  794  795  799  802  803  804  805  808  809  810  811  812  813  814  815  822  823  824  825  826  827  828  829  830  831  832  833  834  835  836  840  841  842  843  844  845  846  847  848  849  855  856  857  858  859  860  861  862  869  870  871  872  873  874  875  876  877  878  879  880  884  885  886  887  888  889  890  891  892  893  894  895  900  901  902  903  904  905  906  907  908  909  910  916  917  918  919  920  921  922  923  924  925  926  927  928  933  934  937  943  944  945  946  947  948  949  950  951  952  953  954  955  956  959  960  961  962  963  964  965  966  967  972  973  974  975  978  979  980  981  982  983  984  985  986  987  988  989  990  991  992  998  999  1000  1001  1002  1003  1004  1005  1006  1007  1008  1009  1011  1012  1013  1014  1015  1016  1017  1018  1019  1020  1021  1022  1023  1024  1025  1026  1027  1031  1032  1033  1034  1035  1036  1037  1038  1039  1040  1044  1045  1046  1047  1048  1049  1050  1051  1052  1057  1058  1059  1060  1061  1062  1063  1064  1065  1066  1073  1074  1075  1076  1077  1078  1079  1080  1081  1082  1083  1084  1085  1091  1092  1093  1094  1095  1096  1097  1098  1099  1100  1101  1102  1103  1104  1105  1109  1110  1111  1112  1113  1114  1115  1116  1117  1118  1121  1122  1123  1124  1125  1126  1127  1129  1130  1131  1137  1138  1139  1140  1141  1142  1143  1144  1145  1146  1147  1148  1149  1150  1151  1157  1158  1159  1160  1161  1162  1163  1164  1165  1167  1168  1169  1176  1178  1179  1180  1181  1182  1183  1184  1185  1190  1191  1192  1193  1194  1195  1196  1197  1198  1199  1200  1201  1202  1203  1204  1205  1208  1209  1210  1211  1212  1213  1214  1215  1216  1217  1219  1225  1226  1227  1228  1229  1230  1231  1232  1233  1234  1235  1236  1237  1244  1245  1246  1247  1248  1249  1250  1251  1252  1253  1254  1255  1256  1258  1259  1260  1261  1262  1268  1270  1271  1272  1273  1274  1275  1276  1277  1278  1279  1281  1282  1283  1284  1285  1286  1287  1288  1289  1290  1291  1292  1293  1294  1295  1296  1298  1307  1308  1309  1310  1311  1312  1313  1314  1315  1316  1317  1321  1323  1324  1325  1326  1327  1328  1329  1330  1332  1338  1339  1340  1341  1342  1343  1344  1345  1346  1347  1348  1349  1354  1355  1356  1357  1358  1359  1360  1361  1362  1363  1364  1365  1366  1367  1368  1372  1373  1374  1375  1376  1377  1378  1379  1380  1385  1386  1387  1388  1389  1390  1391  1392  1393  1394  1395  1396  1397  1398  1399  1400  1401  1402  1403  1407  1408  1409  1410  1411  1412  1413  1414  1415  1416  1417  1424  1425  1426  1427  1428  1429  1430  1431  1432  1433  1434  1435  1436  1437  1438  1439  1440  1441  1442  1443  1444  1445  1446  1447  1448  1449  1450  1451  1452  1453  1454  1455  1456  1464  1465  1466  1467  1468  1469  1470  1471  1472  1473  1474  1475  1476  1477  1478  1479  1485  1486  1487  1488  1489  1490  1491  1492  1493  1494  1495  1504  1505  1506  1507  1508  1509  1510  1511  1512  1513  1514  1515  1516  1521  1522  1523  1524  1525  1526  1527  1528  1529  1530  1531  1539  1540  1541  1543  1544  1545  1546  1547  1548  1549  1554  1555  1556  1557  1558  1559  1560  1561  1562  1563  1564  1565  1566  1567  1568  1569  1570  1571  1576  1577  1578  1579  1580  1582  1583  1584  1585  1586  1587  1588  1589  1590  1591  1592  1593  1594  1595  1600  1603  1604  1605  1606  1607  1608  1609  1610  1611  1615  1616  1617  1618  1619  1620  1621  1622  1623  1624  1625  1626  1627  1628  1629  1630  1631  1633  1634  1639  1640  1641  1642  1643  1644  1645  1646  1647  1648  1649  1650  1651  1652  1653  1654  1655  1659  1660  1661  1662  1663  1664  1665  1666  1667  1668  1669  1670  1671  1672  1673  1674  1682  1683  1684  1685  1686  1687  1688  1689  1690  1691  1692  1693  1694  1695  1696  1697  1704  1705  1706  1707  1708  1709  1710  1712  1713  1714  1715  1716  1717  1718  1719  1720  1721  1722  1723  1724  1725  1733  1734  1735  1736  1737  1738  1739  1740  1741  1742  1749  1750  1751  1752  1753  1754  1755  1756  1757  1758  1759  1760  1761  1762  1763  1764  1765  1766  1767  1770  1771  1772  1773  1774  1775  1776  1777  1778  1779  1780  1784  1786  1787  1788  1789  1790  1791  1792  1793  1794  1795  1796  1797  1798  1799  1800  1801  1802  1803  1807  1808  1809  1810  1811  1812  1813  1814  1815  1816  1817  1818  1819  1820  1821  1822  1823  1824  1830  1831  1832  1833  1834  1835  1836  1837  1838  1839  1840  1841  1842  1843  1851  1852  1853  1854  1855  1856  1857  1858  1859  1860  1864  1865  1866  1867  1869  1870  1871  1872  1873  1874  1875  1876  1877  1882  1883  1884  1885  1886  1887  1888  1889  1890  1891  1892  1893  1894  1895  1896  1897  1898  1899  1900  1904  1905  1906  1907  1908  1909  1910  1911  1912  1913  1914  1915  1916  1919  1920  1922  1923  1924  1925  1926  1927  1928  1929  1937  1938  1939  1940  1941  1942  1943  1945  1946  1947  1948  1949  1950  1951  1957  1958  1959  1960  1961  1962  1964  1965  1966  1967  1968  1969  1970  1971  1972  1973  1974  1975  1976  1977  1978  1979  1980  1981  1982  1991  1992  1993  1994  1995  1996  1997  1998  1999  2000  2006  2007  2008  2009  2010  2011  2013  2014  2015  2016  2018  2019  2020  2021  2022  2023  2024  2033  2034  2035  2036  2037  2038  2039  2040  2041  2043  2044  2045  2046  2047  2048  2049  2050  2051  2052  2056  2057  2058  2059  2060  2061  2062  2063  2064  2065  2066  2067  2068  2069  2070  2071  2072  2073  2074  2075  2076  2083  2085  2086  2087  2088  2089  2090  2091  2092  2093  2094  2095  2096  2097  2098  2099  2100  2103  2104  2105  2106  2107  2108  2109  2110  2111  2112  2113  2115  2116  2117  2118  2119  2120  2121  2122  2123  2130  2131  2132  2133  2134  2135  2136  2137  2138  2139  2140  2142  2144  2145  2146  2147  2148  2149  2153  2154  2155  2156  2157  2158  2159  2161  2162  2163  2165  2166  2167  2168  2169  2170  2171  2172  2173  2174  2175  2176  2177  2178  2179  2180  2181  2182  2183  2184  2186  2187  2188  2189  2190  2191  2192  2193  2194  2195  2196  2197  2198  2199  2200  2201  2202  2203  2207  2208  2209  2210  2211  2212  2213  2214  2215  2216  2217  2218  2219  2220  2221  2227  2228  2229  2230  2231  2232  2233  2234  2235  2236  2237  2238  2239  2240  2241  2244  2245  2246  2247  2248  2249  2250  2251  2252  2253  2254  2255  2256  2257  2258  2259  2260  2261  2262  2263  2270  2271  2272  2273  2274  2275  2276  2277  2278  2279  2281  2282  2284  2285  2286  2287  2289  2290  2291  2292  2293  2294  2295  2296  2297  2298  2299  2300  2301  2302  2303  2304  2311  2312  2313  2314  2317  2318  2321  2322  2323  2324  2325  2326  2327  2328  2329  2330  2331  2332  2333  2334  2335  2336  2337  2338  2339  2340  2341  2342  2345  2349  2350  2351  2352  2353  2354  2355  2356  2357  2358  2359  2360  2361  2362  2363  2364  2365  2366  2367  2368  2369  2370  2371  2372  2373  2374  2375  2376  2377  2378  2379  2380  2388  2389  2390  2391  2392  2393  2394  2395  2396  2399  2400  2401  2402  2407  2408  2409  2410  2411  2412  2413  2414  2416  2417  2418  2421  2422  2423  2424  2425  2429  2430  2431  2432  2433  2434  2435  2436  2437  2438  2439  2440  2441  2442  2443  2444  2445  2446  2450  2451  2452  2453  2454  2455  2456  2457  2458  2459  2460  2461  2462  2463  2464  2465  2466  2467  2472  2473  2474  2475  2476  2477  2478  2479  2480  2481  2482  2483  2488  2489  2490  2491  2492  2493  2494  2495  2496  2497  2498  2499  2500  2501  2502  2503  2504  2505  2506  2507  2511  2512  2513  2514  2515  2516  2518  2519  2520  2521  2522  2523  2524  2525  2526  2527  2528  2529  2534  2535  2536  2537  2538  2539  2540  2541  2542  2543  2544  2545  2546  2547  2548  2550  2555  2556  2557  2559  2560  2563  2564  2565  2566  2567  2568  2569  2570  2573  2574  2575  2576  2577  2578  2579  2580  2585  2586  2587  2588  2589  2590  2591  2592  2593  2594  2596  2597  2598  2599  2600  2601  2602  2603  2604  2605  2606  2607  2608  2609  2614  2615  2616  2617  2618  2620  2621  2622  2623  2624  2625  2627  2629  2630  2631  2632  2633  2634  2635  2636  2637  2639  2641  2644  2645  2646  2647  2648  2649  2650  2651  2660  2661  2662  2663  2664  2665  2666  2667  2668  2669  2671  2672  2673  2675  2676  2677  2678  2680  2681  2685  2686  2687  2688  2689  2690  2691  2692  2693  2695  2698  2699  2700  2701  2702  2703  2704  2705  2706  2711  2712  2713  2714  2717  2720  2721  2722  2726  2727  2728  2735  2737  2738  2739  2740  2741  2742  2743  2744  2745  2748  2749  2750  2751  2752  2753  2754  2756  2757  2758  2759  2760  2761  2762  2763  2767  2770  2772  2775  2776  2777  2778  2788  2789  2790  2791  2792  2793  2794  2796  2800  2801  2802  2803  2804  2805  2806  2809  2810  2811  2812  2813  2814  2815  2817  2818  2820  2821  2822  2823  2824  2826  2827  2828  2829  2830  2831  2841  2842  2843  2844  2845  2846  2848  2849  2851  2852  2853  2854  2855  2856  2863  2864  2865  2866  2867  2868  2871  2873  2874  2875  2876  2877  2878  2879  2880  2881  2885  2887  2889  2890  2891  2893  2896  2898  2900  2907  2908  2909  2910  2911  2912  2913  2914  2917  2918  2923  2924  2925  2926  2927  2928  2930  2931  2932  2933  2935  2937  2938  2939  2940  2944  2945  2947  2948  2949  2955  2956  2957  2960  2961  2962  2963  2965  2967  2970  2971  2972  2973  2974  2975  2977  2983  2985  2987  2988  2989  2990  2991  2992  2998  2999  3001  3002  3003  3004  3005  3006  3009  3010  3013  3015  3017  3018  3019  3020  3021  3022  3027  3028  3030  3031  3032  3033  3034  3035  3036  3037  3038  3039  3043  3044  3045  3046  3047  3048  3049  3050  3055  3056  3057  3060  3061  3063  3064  3065  3066  3067  3068  3069  3070  3071  3074  3075  3076  3080  3081  3082  3088  3093  3094  3095  3096  3097  3098  3099  3107  3108  3109  3110  3114  3116  3117  3118  3119  3120  3122  3123  3124  3125  3128  3130  3131  3132  3133  3140  3141  3142  3146  3147  3148  3149  3150  3151  3156  3157  3158  3161  3162  3163  3164  3166  3167  3168  3169  3178  3179  3180  3181  3182  3183  3184  3186  3188  3189  3190  3191  3192  3193  3194  3195  3196  3198  3199  3200  3205  3206  3207  3208  3209  3210  3211  3217  3218  3219  3225  3226  3227  3232  3233  3234  3235  3236  3237  3240  3241  3242  3243  3244  3255  3256  3260  3261  3262  3263  3264  3265  3266  3267  3268  3269  3270  3278  3279  3280  3282  3283  3284  3285  3292  3293  3294  3295  3296  3297  3302  3303  3304  3312  3313  3319  3320  3321  3322  3323  3328  3329  3330  3331  3335  3336  3337  3338  3347  3348  3350  3354  3355  3356  3362  3363  3364  3367  3369  3370  3371  3372  3381  3382  3383  3384  3388  3389  3391  3392  3393  3397  3398  3403  3404  3405  3406  3411  3412  3417  3418  3419  3420  3421  3429  3430  3431  3432  3433  3434  3435  3436  3442  3443  3452  3453  3454  3455  3456  3461  3462  3463  3464  3465  3471  3472  3473  3474  3482  3487  3488  3489  3490  3491  3492  3493  3494  3501  3502  3503  3504  3505  3506  3507  3512  3513  3514  3515  3516  3518  3528  3536  3537  3538  3545  3546  3547  3548  3549  3552  3553  3554  3555  3556  3563  3564  3565  3566  3570  3571  3572  3573  3574  3575  3576  3583  3587  3588  3589  3590  3591  3594  3595  3596  3597  3602  3603  3604  3605  3606  3611  3612  3613  3614  3619  3620  3621  3627  3628  3629  3630  3631  3632  3636  3637  3638  3639  3640  3647  3648  3649  3650  3651  3654  3655  3656  3657  3658  3659  3660  3661  3662  3663  3681  3682  3683  3684  3690  3691  3692  3693  3694  3696  3697  3698  3699  3707  3708  3709  3710  3711  3712  3713  3714  3719  3720  3721  3728  3729  3735  3736  3737  3743  3744  3745  3746  3747  3748  3749  3756  3757  3758  3759  3760  3762  3770  3771  3772  3773  3774  3775  3781  3782  3783  3787  3788  3789  3793  3795  3801  3802  3803  3804  3805  3806  3807  3816  3823  3824  3825  3830  3831  3832  3833  3834  3835  3836  3837  3846  3847  3848  3858  3863  3864  3865  3866  3867  3875  3876  3877  3878  3880  3881  3882  3891  3902  3903  3904  3911  3912  3913  3915  3922  3923  3924  3925  3933  3940  3944  3945  3946  3947  3956  3958  3959  3960  3961  3962  3963  3972  3973  3974  3975  3982  3983  3984  3992  3993  3994  3999  4008  4009  4013  4014  4015  4017  4025  4026  4027  4028  4029  4035  4039  4040  4041  4042  4043  4044  4052  4053  4054  4055  4065  4066  4067  4068  4069  4083  4084  4085  4086  4087  4088  4094  4095  4096  4098  4107  4108  4109  4110  4111  4112  4113  4115  4122  4129  4130  4131  4132  4133  4134  4135  4136  4137  4146  4147  4148  4149  4156  4157  4158  4159  4160  4161  4162  4167  4168  4169  4173  4174  4175  4176  4177  4178  4186  4187  4196  4197  4198  4199  4200  4207  4208  4209  4213  4214  4215  4216  4217  4218  4225  4226  4227  4228  4229  4235  4236  4237  4238  4248  4257  4258  4259  4268  4269  4278  4279  4280  4281  4282  4283  4284  4289  4290  4291  4294  4303  4304  4305  4306  4307  4308  4309  4310  4315  4316  4317  4319  4320  4328  4335  4336  4337  4345  4346  4347  4357  4358  4359  4360  4370  4371  4379  4380  4381  4382  4391  4392  4393  4394  4395  4396  4402  4403  4404  4406  4407  4408  4419  4420  4421  4427  4428  4429  4430  4439  4440  4441  4442  4448  4449  4450  4465  4466  4467  4468  4476  4483  4485  4486  4487  4488  4493  4494  4507  4508  4509  4510  4511  4512  4513  4514  4520  4521  4522  4524  4531  4536  4544  4545  4546  4553  4556  4557  4564  4566  4567  4568  4577  4578  4579  4580  4581  4586  4587  4588  4589  4602  4604  4606  4607  4609  4615  4626  4627  4628  4637  4638  4649  4650  4651  4652  4658  4659  4667  4669  4671  4672  4673  4674  4675  4683  4684  4685  4686  4687  4688  4697  4698  4700  4702  4703  4706  4707  4718  4719  4720  4721  4722  4723  4724  4725  4727  4728  4729  4739  4740  4741  4742  4743  4744  4754  4755  4756  4757  4758  4764  4774  4776  4777  4778  4779  4786  4787  4788  4789  4790  4802  4806  4807  4808  4809  4810  4818  4827  4830  4832  4833  4835  4845  4846  4847  4848  4849  4858  4861  4862  4863  4865  4866  4870  4871  4887  4888  4889  4893  4894  4895  4901  4902  4907  4908  4909  4910  4911  4912  4915  4919  4920  4921  4922  4923  4935  4936  4937  4939  4940  4941  4942  4943  4944  4949  4950  4951  4952  4953  4966  4967  4968  4970  4972  4973  4974  4975  4979  4980  4981  4982  4983  4984  4985  4997  4998  4999  5003  5004  5005  5006  5007  5017  5018  5020  5021  5022  5023  5024  5025  5026  5027  5028  5033  5034  5036  5043  5044  5045  5046  5047  5052  5053  5054  5055  5056  5057  5068  5070  5071  5072  5073  5074  5075  5076  5085  5086  5087  5088  5100  5101  5102  5103  5104  5105  5107  5108  5113  5114  5115  5116  5117  5124  5125  5126  5128  5129  5130  5131  5134  5135  5136  5148  5149  5150  5151  5152  5154  5158  5159  5160  5161  5162  5163  5175  5178  5179  5181  5182  5183  5184  5185  5186  5187  5202  5203  5205  5206  5207  5208  5210  5211  5218  5219  5220  5221  5232  5233  5235  5247  5249  5250  5251  5253  5258  5259  5260  5261  5275  5277  5278  5281  5282  5283  5284  5285  5286  5287  5288  5289  5300  5301  5302  5305  5306  5307  5308  5309  5310  5326  5327  5328  5330  5331  5332  5333  5334  5335  5336  5349  5354  5355  5361  5362  5363  5380  5382  5383  5385  5386  5389  5390  5391  5392  5393  5413  5414  5415  5416  5434  5435  5438  5439  5441  5442  5443  5444  5445  5446  5447  5456  5459  5466  5467  5468  5469  5479  5482  5483  5485  5486  5487  5488  5506  5510  5512  5513  5514  5515  5528  5530  5531  5532  5537  5538  5539  5540  5556  5558  5559  5560  5561  5562  5563  5564  5565  5566  5590  5591  5592  5593  5594  5604  5605  5610  5611  5612  5613  5614  5615  5616  5632  5633  5637  5638  5639  5640  5660  5661  5662  5664  5685  5695  5696  5697  5698  5699  5702  5719  5723  5724  5727  5728  5729  5730  5745  5747  5748  5749  5750  5764  5765  5766  5767  5770  5772  5791  5793  5794  5795  5796  5797  5798  5799  5816  5817  5818  5820  5821  5845  5846  5850  5851  5852  5853  5854  5855  5856  5877  5878  5879  5880  5895  5901  5902  5903  5904  5922  5927  5928  5929  5932  5952  5953  5969  5970  5971  5972  5973  5975  5977  5998  5999  6000  6001  6002  6003  6013  6015  6016  6017  6034  6035  6036  6037  6038  6040  6059  6060  6061  6062  6063  6064  6065  6067  6077  6078  6079  6080  6100  6102  6103  6105  6120  6121  6122  6123  6130  6134  6135  6136  6137  6138  6140  6149  6150  6151  6152  6153  6154  6155  6168  6169  6170  6171  6172  6173  6174  6181  6182  6188  6189  6190  6200  6207  6208  6209  6210  6227  6239  6240  6241  6242  6243  6256  6257  6258  6259  6269  6270  6271  6272  6290  6291  6297  6308  6309  6326  6327  6340  6341  6342  6343  6344  6345  6357  6366  6367  6368  6369  6370  6384  6388  6389  6390  6391  6392  6393  6394  6395  6396  6398  6416  6417  6418  6419  6434  6450  6451  6452  6453  6454  6456  6467  6468  6485  6486  6487  6502  6503  6504  6505  6506  6516  6517  6518  6519  6536  6537  6538  6539  6540  6547  6557  6558  6561  6572  6573  6574  6575  6594  6595  6596  6597  6598  6617  6619  6620  6621  6634  6635  6636  6637  6638  6639  6650  6651  6652  6670  6671  6672  6673  6674  6688  6689  6703  6704  6705  6706  6707  6708  6709  6724  6740  6741  6742  6743  6744  6745  6767  6768  6769  6770  6771  6772  6784  6785  6786  6801  6802  6803  6804  6805  6806  6807  6826  6827  6828  6842  6843  6844  6845  6846  6859  6860  6861  6885  6886  6887  6888  6904  6906  6918  6919  6920  6921  6940  6941  6942  6943  6964  6965  6966  6967  6968  6969  6970  6990  6991  7007  7008  7009  7010  7011  7032  7054  7055  7056  7069  7070  7071  7072  7093  7094  7095  7096  7099  7111  7126  7127  7128  7129  7130  7131  7152  7179  7180  7181  7182  7183  7197  7198  7199  7212  7213  7214  7215  7250  7251  7252  7253  7274  7275  7276  7297  7298  7299  7300  7322  7343  7344  7345  7346  7347  7348  7361  7362  7363  7382  7383  7396  7397  7423  7438  7439  7440  7441  7442  7443  7458  7459  7476  7477  7478  7479  7480  7496  7497  7498  7499  7519  7532  7534  7535  7548  7549  7550  7562  7563  7579  7580  7581  7582  7595  7596  7597  7598  7608  7609  7621  7622  7623  7624  7634  7635  7651  7667  7668  7669  7670  7671  7672  7686  7687  7688  7689  7700  7713  7714  7715  7717  7731  7732  7748  7749  7750  7751  7753  7772  7788  7789  7790  7791  7792  7809  7810  7811  7812  7822  7823  7839  7840  7841  7842  7866  7867  7869  7870  7895  7896  7897  7898  7899  7916  7917  7918  7946  7947  7948  7949  7963  7964  7965  7966  7989  8004  8005  8020  8021  8039  8040  8041  8080  8081  8082  8083  8084  8085  8086  8087  8088  8107  8108  8128  8145  8146  8147  8166  8167  8168  8189  8190  8191  8214  8215  8216  8217  8219  8244  8245  8260  8261  8262  8263  8264  8279  8280  8295  8296  8319  8320  8321  8342  8343  8366  8367  8368  8369  8391  8415  8416  8417  8418  8436  8437  8438  8439  8440  8462  8463  8464  8465  8466  8467  8468  8491  8492  8493  8494  8511  8512  8532  8533  8534  8535  8536  8551  8577  8578  8579  8602  8603  8604  8620  8631  8633  8634  8635  8636  8653  8654  8655  8673  8674  8701  8702  8718  8719  8720  8721  8722  8723  8724  8725  8745  8746  8771  8772  8773  8787  8788  8789  8790  8791  8794  8818  8819  8820  8841  8853  8871  8872  8873  8874  8875  8876  8877  8905  8906  8907  8908  8909  8911  8936  8958  8959  8960  8961  8962  8963  8964  8965  8976  8994  8996  8997  8998  8999  9022  9036  9037  9038  9039  9061  9080  9081  9082  9083  9084  9086  9101  9102  9103  9104  9105  9106  9128  9153  9154  9170  9171  9172  9173  9174  9194  9195  9196  9215  9216  9242  9243  9258  9259  9260  9285  9286  9287  9305  9306  9323  9324  9325  9326  9327  9347  9348  9372  9375  9376  9377  9378  9401  9402  9425  9426  9427  9428  9448  9465  9467  9483  9484  9500  9502  9503  9524  9525  9526  9527  9528  9547  9548  9549  9550  9566  9567  9589  9604  9605  9606  9625  9626  9627  9628  9629  9643  9644  9645  9646  9663  9664  9665  9666  9685  9687  9688  9708  9709  9710  9711  9712  9713  9730  9731  9732  9733  9743  9744  9757  9758  9759  9760  9761  9773  9774  9775  9791  9792  9793  9794  9795  9796  9807  9808  9809  9822  9823  9824  9825  9827  9839  9849  9850  9851  9865  9866  9867  9884  9885  9886  9887  9888  9889  9890  9891  9904  9905  9918  9919  9933  9934  9935  9950  9951  9961  9962  9963  9964  9975  9976  9977  9993  9994  9995  9996  9997  10010  10011  10012  10025  10026  10045  10046  10047  10055  10066  10077  10084  10094  10100  10109  10118  10119  10126  10133  10141  10152  10153  10155  10161  10163  10230  10242  10243  10244  10246  10247  10250  10251  10255  10260  10261  10264  10265  10266  10269  10271  10272  10273  10274  10277  10278  10279  10280  10283  10284  10286  10287  10288  10293  10294  10295  10299  10300  10301  10302  10303  10304  10305  10307  10308  10310  10312  10313  10318  10319  10320  10323  10324  10325  10328  10329  10331  10332  10333  10336  10337  10338  10339  10340  10343  10344  10349  10350  10352  10353  10354  10355  10356  10357  10358  10359  10360  10361  10364  10365  10366  10367  10370  10371  10372  10373  10374  10375  10376  10380  10381  10382  10385  10386  10387  10388  10391  10392  10393  10394  10396  10397  10398  10399  10402  10403  10408  10410  10411  10412  10416  10417  10418  10419  10421  10422  10423  10424  10426  10427  10428  10430  10431  10432  10433  10434  10435  10436  10437  10440  10441  10442  10444  10445  10446  10450  10451  10452  10453  10454  10455  10456  10461  10462  10466  10467  10468  10469  10470  10471  10472  10473  10474  10475  10476  10477  10478  10479  10480  10482  10483  10484  10485  10486  10487  10488  10489  10490  10491  10492  10493  10495  10496  10500  10501  10502  10503  10504  10505  10506  10510  10511  10512  10513  10514  10515  10516  10517  10518  10519  10520  10521  10522  10526  10527  10528  10529  10530  10531  10532  10534  10535  10536  10537  10538  10539  10540  10541  10542  10543  10544  10545  10546  10549  10550  10551  10552  10553  10554  10555  10556  10557  10558  10559  10560  10561  10562  10563  10566  10567  10568  10569  10570  10574  10575  10576  10578  10579  10581  10582  10583  10585  10587  10589  10590  10591  10592  10593  10596  10597  10598  10599  10600  10601  10603  10606  10607  10608  10609  10612  10613  10614  10615  10616  10617  10618  10620  10621  10622  10624  10625  10626  10627  10629  10630  10631  10632  10633  10634  10635  10640  10642  10643  10644  10645  10646  10647  10648  10650  10654  10655  10658  10659  10660  10663  10664  10666  10667  10668  10669  10670  10671  10673  10675  10676  10677  10681  10682  10684  10685  10690  10691  10692  10693  10695  10696  10697  10698  10699  10701  10708  10709  10712  10713  10714  10715  10718  10719  10722  10724  10725  10726  10727  10728  10731  10732  10733  10734  10735  10736  10739  10740  10741  10742  10743  10748  10749  10750  10751  10752  10759  10760  10761  10762  10763  10764  10768  10769  10770  10771  10772  10773  10776  10780  10783  10784  10785  10786  10790  10791  10792  10797  10798  10799  10802  10803  10804  10805  10806  10812  10815  10816  10817  10818  10819  10821  10822  10825  10826  10827  10828  10834  10835  10836  10837  10839  10841  10842  10845  10850  10851  10852  10853  10857  10862  10863  10864  10865  10866  10867  10870  10871  10872  10876  10878  10881  10882  10887  10889  10890  10894  10895  10896  10897  10899  10905  10906  10908  10911  10915  10917  10918  10919  10922  10923  10927  10931  10940  10941  10945  10946  10949  10951  10953  10961  10968  10969  10976  10977  10982  10987  10988  10990  10993  10994  10998  11004  11007  11008  11009  11010  11017  11018  11019  11020  11027  11031  11036  11039  11042  11043  11045  11046  11048  11050  11051  11052  11053  11056  11058  11064  11065  11068  11069  11075  11079  11082  11083  11084  11094  11099  11100  11103  11104  11110  11116  11121  11125  11128  11130  11131  11141  11143  11144  11145  11154  11158  11167  11172  11173  11180  11181  11182  11187  11199  11205  11206  11235  11246  11252  11261  11262  11263  11267  11278  11281  11282  11297  11307  11315  11316  11320  11328  11329  11342  11349  11350  11366  11373  11374  11395  11398  11412  11421  11426  11434  11443  11446  11464  11473  11513  11517  11530  11531  11532  11543  11571  11585  11591  11592  11603  11617  11618  11635  11636  11647  11648  11670  11671  11672  11694  11695  11705  11706  11713  11714  11715  11716  11730  11739  11747  11748  11749  11767  11775  11776  11777  11786  11794  11795  11796  11797  11806  11807  11808  11811  11812  11824  11829  11830  11834  11847  11850  11851  11852  11879  11882  11883  11886  11887  11889  11890  11891  11893  11894  11896  11897  11901  11902  11904  11905  11907  11908  11909  11910  11911  11913  11915  11916  11917  11921  11922  11926  11929  11930  11932  11934  11937  11939  11940  11941  11945  11946  11951  11953  11954  11955  11956  11957  11959  11960  11962  11965  11966  11968  11969  11970  11972  11973  11975  11977  11980  11983  11985  11986  11987  11988  11989  11993  11994  11997  12000  12002  12003  12004  12005  12006  12007  12008  12013  12014  12015  12016  12019  12020  12024  12027  12028  12032  12033  12035  12036  12043  12048  12051  12057  12060  12061  12065  12073  12084  12099  12102  12106  12111  12132  12145  12155  12186  12187  12196  12201  12202  12203  12216  12219  12220  12225  12226  12231  
projected point: 12236
--------------------------------------------------------------------------
(4494/12236)
found t = [-0.006319594010612661; 0.01679411527320607; 0.9395035339834976]
R = 
[0.9992418387280706, 0.03640523586073421, -0.01379878752893843;
  -0.03677581784905649, 0.9989415563117939, -0.0276279983875786;
  0.01277837849171375, 0.02811451360588228, 0.9995230298336438]
frame pose [0.9992418387280706, 0.03640523586073421, -0.01379878752893843, -0.006319594010612661;
  -0.03677581784905649, 0.9989415563117939, -0.0276279983875786, 0.01679411527320607;
  0.01277837849171375, 0.02811451360588228, 0.9995230298336438, 0.9395035339834976]
next to triangulate ,inliers size: 4494
match size: 14276
match size: 14276
begin triangulation
p query index 2
[0.9992418387280706, 0.03640523586073421, -0.01379878752893843, -0.006319594010612661;
  -0.03677581784905649, 0.9989415563117939, -0.0276279983875786, 0.01679411527320607;
  0.01277837849171375, 0.02811451360588228, 0.9995230298336438, 0.9395035339834976]
p train index 1
[1, 0, 0, 0;
  0, 1, 0, 0;
  0, 0, 1, 0]
getalign
triangulate points
Triangulating...Done. (14276points, 1.18898s, mean reproj err = 25.3862)
triangulation reproj error 25.3862
test triangulate
7834/14276 = 54.8753% are in front of camera
Triangulation did not succeed
after 2 map size: 11560
